0.0000000000
0.5924659371
-0.0947343484
0.1913417131
1.0000000000
0.4174197018
0.3535533845
1.2552931309
0.8660253882
0.4619397521
1.3194792271
1.1827865839
0.5000000000
1.1827865839
1.3194792271
0.4619397521
0.8660253882
1.2552931309
0.3535533845
0.4174197018
1.0000000000
0.1913417131
-0.0947343484
0.5924659371
-0.0000000000
-0.5924659371
0.0947343484
-0.1913417131
-1.0000000000
-0.4174197018
-0.3535533845
-1.2552931309
-0.8660253882
-0.4619397521
-1.3194792271
-1.1827865839
-0.5000000000
-1.1827865839
-1.3194792271
-0.4619397521
-0.8660253882
-1.2552931309
-0.3535533845
-0.4174197018
-1.0000000000
-0.1913417131
0.0947343484
-0.5924659371
0.0000000000
0.5924659371
-0.0947343484
0.1913417131
1.0000000000
0.4174197018
0.3535533845
1.2552931309
0.8660253882
0.4619397521
1.3194792271
1.1827865839
0.5000000000
1.1827865839
1.3194792271
0.4619397521
0.8660253882
1.2552931309
0.3535533845
0.4174197018
1.0000000000
0.1913417131
-0.0947343484
0.5924659371
0.0000000000
-0.5924659371
0.0947343484
-0.1913417131
-1.0000000000
-0.4174197018
-0.3535533845
-1.2552931309
-0.8660253882
-0.4619397521
-1.3194792271
-1.1827865839
-0.5000000000
-1.1827865839
-1.3194792271
-0.4619397521
-0.8660253882
-1.2552931309
-0.3535533845
-0.4174197018
-1.0000000000
-0.1913417131
0.0947343484
-0.5924659371
0.0000000000
0.5924659371
-0.0947343484
0.1913417131
1.0000000000
0.4174197018
0.3535533845
1.2552931309
0.8660253882
0.4619397521
1.3194792271
1.1827865839
0.5000000000
1.1827865839
1.3194792271
0.4619397521
0.8660253882
1.2552931309
0.3535533845
0.4174197018
1.0000000000
0.1913417131
-0.0947343484
0.5924659371
0.0000000000
-0.5924659371
0.0947343484
-0.1913417131
-1.0000000000
-0.4174197018
-0.3535533845
-1.2552931309
-0.8660253882
-0.4619397521
-1.3194792271
-1.1827865839
-0.5000000000
-1.1827865839
-1.3194792271
-0.4619397521
-0.8660253882
-1.2552931309
-0.3535533845
-0.4174197018
-1.0000000000
-0.1913417131
0.0947343484
-0.5924659371
-0.0000000000
0.5924659371
-0.0947343484
0.1913417131
1.0000000000
0.4174197018
0.3535533845
1.2552931309
0.8660253882
0.4619397521
1.3194792271
1.1827865839
0.5000000000
1.1827865839
1.3194792271
0.4619397521
0.8660253882
1.2552931309
0.3535533845
0.4174197018
1.0000000000
0.1913417131
-0.0947343484
0.5924659371
-0.0000000000
-0.5924659371
0.0947343484
-0.1913417131
-1.0000000000
-0.4174197018
-0.3535533845
-1.2552931309
-0.8660253882
-0.4619397521
-1.3194792271
-1.1827865839
-0.5000000000
-1.1827865839
-1.3194792271
-0.4619397521
-0.8660253882
-1.2552931309
-0.3535533845
-0.4174197018
-1.0000000000
-0.1913417131
0.0947343484
-0.5924659371
0.0000000000
0.5924659371
-0.0947343484
0.1913417131
1.0000000000
0.4174197018
0.3535533845
1.2552931309
0.8660253882
0.4619397521
1.3194792271
1.1827865839
0.5000000000
1.1827865839
1.3194792271
0.4619397521
0.8660253882
1.2552931309
0.3535533845
0.4174197018
1.0000000000
0.1913417131
-0.0947343484
0.5924659371
0.0000000000
-0.5924659371
0.0947343484
-0.1913417131
-1.0000000000
-0.4174197018
-0.3535533845
-1.2552931309
-0.8660253882
-0.4619397521
-1.3194792271
-1.1827865839
-0.5000000000
-1.1827865839
-1.3194792271
-0.4619397521
-0.8660253882
-1.2552931309
-0.3535533845
-0.4174197018
-1.0000000000
-0.1913417131
0.0947343484
-0.5924659371
-0.0000000000
0.5924659371
-0.0947343484
0.1913417131
1.0000000000
0.4174197018
0.3535533845
1.2552931309
0.8660253882
0.4619397521
1.3194792271
1.1827865839
0.5000000000
1.1827865839
1.3194792271
0.4619397521
0.8660253882
1.2552931309
0.3535533845
0.4174197018
1.0000000000
0.1913417131
-0.0947343484
0.5924659371
0.0000000000
-0.5924659371
0.0947343484
-0.1913417131
-1.0000000000
-0.4174197018
-0.3535533845
-1.2552931309
-0.8660253882
-0.4619397521
-1.3194792271
-1.1827865839
-0.5000000000
-1.1827865839
-1.3194792271
-0.4619397521
-0.8660253882
-1.2552931309
-0.3535533845
-0.4174197018
-1.0000000000
-0.1913417131
0.0947343484
-0.5924659371
-0.0000000000
0.5924659371
-0.0947343484
0.1913417131
1.0000000000
0.4174197018
0.3535533845
1.2552931309
0.8660253882
0.4619397521
1.3194792271
1.1827865839
0.5000000000
1.1827865839
1.3194792271
0.4619397521
0.8660253882
1.2552931309
0.3535533845
0.4174197018
1.0000000000
0.1913417131
-0.0947343484
0.5924659371
0.0000000000
-0.5924659371
0.0947343484
-0.1913417131
-1.0000000000
-0.4174197018
-0.3535533845
-1.2552931309
